	Female_FB_FB_M1	Female_FB_FB_M2	Female_FB_FB_M3	Female_FB_FB_M4	Female_FB_FB_M5	Female_FB_FB_M6	Female_FB_FB_M7	Female_HFC_HFC_M1	Female_HFC_HFC_M2	Female_HFC_HFC_M3	Female_HFC_HFC_M4	Female_KC_Channel_KC_Channel_M1	Female_KC_Channel_KC_Channel_M2	Female_KC_KC_M1	Female_KC_KC_M2	Female_KC_KC_M3	Female_KC_KC_M4	Female_KC_KC_M5	Female_KC_KC_M6	Female_LC_LC_M1	Female_LC_LC_M2	Female_LC_LC_M3	Female_LC_LC_M4	Female_MEL_MEL_M1	Female_Mac-DC_Mac-DC_M1	Female_Mac-DC_Mac-DC_M2	Female_Mast_Mast_M1	Female_Mast_Mast_M2	Female_Mast_Mast_M3	Female_Mast_Mast_M4	Female_Mast_Mast_M5	Female_Mast_Mast_M6	Female_Pc-vSMC_Pc-vSMC_M1	Female_Pc-vSMC_Pc-vSMC_M2	Female_SGC_SGC_M1	Female_SGC_SGC_M2	Female_Schwann_Schwann_M1	Male_FB_FB_M1	Male_FB_FB_M2	Male_FB_FB_M3	Male_FB_FB_M4	Male_FB_FB_M5	Male_FB_FB_M6	Male_FB_FB_M7	Male_FB_FB_M8	Male_KC_KC_M1	Male_KC_KC_M2	Male_KC_KC_M3	Male_KC_KC_M4	Male_KC_KC_M5	Male_MEL_MEL_M1	Male_MEL_MEL_M2	Male_Mac-DC_Mac-DC_M1	Male_Pc-vSMC_Pc-vSMC_M1	Male_Schwann_Schwann_M1	Male_Schwann_Schwann_M2	Male_Schwann_Schwann_M3	Male_Schwann_Schwann_M4	Male_Schwann_Schwann_M5	FB	HFC	KC	KC_Channel	LC	LEC	Lymphocyte	Mac-DC	Mast	MEC	MEL	Pc-vSMC	Schwann	Sebocyte	SGC	VEC	arteriole.ECs	Basal.Ker.ADGRL3	Basal.Ker.COL17A1	capillary.ECs	cDC1	cDC2	Channel-ATPase_1	Channel-ATPase_2	Channel-ATPase_3	Channel-gap_1	Channel-gap_2	Clear.cell.CA2	Clear.cell.WFDC2	cytotoxic T cells	Dark.cell.MUCL1	EMT.ECs	Granular.Ker	helper T cells	HF-MFCs	HF-MSCs	HF-PCs	Hillock-Club.Epi	ILC3	IRS	KC.Mel	LC1	LC2	LEC1	LEC2	M1	M2	Mel_1	Mel_2	Memory B cells	Merkel	Mesenchymal.Fb	Mesenchymal.Fb.COCH	Mesenchymal.Fb.FGFBP2	Mesenchymal.Fb.INHBA	MigDC	MigLC	Monocytes	NKT cells	ORS	Papillary.Fb	Pc1	Pc2	Pc3	Plasma cells	post-capillary-venule.ECs	Pro-inflammatory.Fb	Progenitor.Mel	Proliferating.Ker	Regulatory T cells	SCs_1	SCs_2	Spinous.Ker	Spinous.Ker.ADGRL3	Sweat_gland_duct_cell	Transitional.Ker	venule.ECs	vSMC1	vSMC2
Female_FB_FB_M1	1.000000	-0.335844	0.761530	-0.838475	0.806597	-0.195675	0.879622	0.751644	0.360915	0.650109	0.451100	0.696851	-0.557938	0.838364	-0.461308	-0.699777	0.746288	-0.712930	0.099856	0.059908	0.548660	0.540448	0.540806	0.746958	-0.108881	0.080220	-0.055727	0.340918	-0.006113	-0.104007	-0.342521	0.251626	-0.769610	0.741804	0.569083	-0.315061	0.165406	-0.514352	-0.291709	0.100829	0.424482	0.112908	0.335768	0.772966	0.423776	0.043326	-0.181185	0.249308	0.575959	0.276547	-0.277501	0.453194	-0.477703	-0.599469	-0.112467	0.178634	0.049285	0.143644	0.246404	-0.169221	0.755332	0.115041	-0.435156	0.640423	-0.303071	0.497570	-0.174843	-0.209487	-0.107685	0.488738	-0.246739	-0.159883	0.200385	-0.421967	-0.369318	-0.087927	0.770125	-0.183840	-0.082417	0.157618	-0.000014	-0.316904	-0.316424	-0.408438	-0.349102	-0.470621	-0.341458	-0.331849	-0.041897	-0.394363	-0.056791	-0.073654	0.604172	0.704197	0.524531	0.613194	-0.153976	0.003653	-0.060005	-0.036612	0.493400	0.624615	-0.222066	-0.328847	0.256532	-0.350559	0.585006	0.434434	-0.131262	-0.236221	-0.245566	0.723132	-0.415425	0.664261	0.342866	0.559976	-0.131357	-0.042500	0.589861	-0.065189	-0.001128	0.028325	0.118235	-0.087828	-0.424657	-0.233158	0.250283	0.035338	0.573382	-0.190167	-0.131136	-0.106435	0.686409	-0.332597	0.063425	-0.386660	-0.409062	-0.376638
Female_FB_FB_M2	-0.335844	1.000000	-0.571908	0.312511	-0.414272	0.593541	-0.297349	-0.381075	0.178310	-0.255465	-0.009852	-0.369811	0.265860	-0.458696	0.576192	0.204518	-0.360333	0.447572	0.601417	-0.165804	0.098447	-0.146234	0.209288	-0.304218	0.132903	0.285828	0.548419	0.077395	0.309274	0.224782	0.033167	-0.191530	0.157316	0.045405	-0.482313	0.257211	0.270178	-0.101665	-0.126988	0.742299	0.360965	0.296253	0.474063	0.039876	0.339258	-0.238251	-0.312045	0.414150	-0.434281	0.334125	-0.180576	0.241724	-0.065927	-0.087298	0.415399	0.499317	-0.046003	-0.161941	0.018011	0.363926	-0.622059	-0.271159	-0.018598	-0.290486	0.051210	-0.307384	0.237529	0.313369	-0.212913	-0.335072	0.268139	0.198370	-0.047931	-0.031543	0.139708	0.004991	-0.468855	0.043483	0.142335	0.122879	0.378472	-0.139357	0.069782	-0.160639	-0.081177	0.150715	-0.017782	0.095739	-0.091732	-0.076298	0.252620	-0.124286	-0.342701	-0.601252	-0.588517	-0.621086	-0.077138	0.320566	0.182636	-0.180081	-0.349000	-0.424377	0.128557	-0.100706	-0.181503	0.121656	-0.453619	-0.230939	-0.345140	0.281454	0.131115	-0.317648	0.136379	-0.414637	-0.241082	-0.224381	0.112182	-0.094705	-0.399889	0.471023	0.542148	0.305763	-0.037729	-0.205127	0.191854	0.356672	-0.003241	-0.365836	-0.323471	0.227826	0.110892	-0.103182	-0.466173	-0.032467	-0.079701	-0.080878	0.090654	-0.036872
Female_FB_FB_M3	0.761530	-0.571908	1.000000	-0.538005	0.861113	-0.645776	0.654334	0.572339	0.064877	0.463713	0.254905	0.476579	-0.452686	0.764822	-0.634032	-0.392712	0.554488	-0.755747	-0.312526	0.200900	0.142328	0.213444	0.175236	0.676176	-0.093644	0.082686	-0.268401	0.083679	-0.206089	-0.247385	-0.342251	0.088025	-0.488764	0.376424	0.637185	-0.456839	-0.081096	-0.205398	-0.203179	-0.208339	-0.003866	0.133025	0.036046	0.443021	-0.053985	0.101741	0.002283	0.013056	0.584705	-0.032722	-0.174467	0.207844	-0.307947	-0.304449	-0.220510	-0.031636	-0.052794	0.163089	0.135938	-0.189502	0.829828	0.061430	-0.093742	0.544987	-0.169106	0.478643	-0.243457	-0.283188	0.203578	0.472946	-0.270390	-0.164221	0.095776	-0.087437	-0.195115	0.032509	0.761722	-0.218476	-0.146950	0.063763	-0.255298	-0.001391	-0.126873	-0.033009	-0.027048	-0.282392	-0.006370	-0.059287	0.024126	-0.099689	0.003052	-0.065932	0.564397	0.794584	0.661459	0.687778	-0.134423	-0.156139	-0.042479	-0.016216	0.430981	0.654435	-0.069469	-0.276234	0.281179	-0.276186	0.664096	0.379902	0.055449	-0.280888	-0.232500	0.505527	-0.049273	0.714800	0.392198	0.455675	-0.156799	0.064677	0.618407	-0.403751	-0.351341	-0.132217	-0.013782	0.120898	-0.213057	-0.141295	0.051846	0.119921	0.503881	-0.167895	-0.151138	-0.200575	0.691227	-0.071481	-0.035883	-0.157900	-0.162166	-0.175809
Female_FB_FB_M4	-0.838475	0.312511	-0.538005	1.000000	-0.585711	0.039947	-0.818907	-0.675990	-0.230827	-0.529102	-0.288739	-0.690486	0.545308	-0.723998	0.398907	0.743116	-0.700307	0.613653	-0.098908	-0.020123	-0.574296	-0.609230	-0.498522	-0.529668	0.154977	0.073231	0.117197	-0.437537	0.068154	0.175258	0.228698	-0.209549	0.877030	-0.800519	-0.555391	0.357992	-0.253012	0.613200	0.306684	-0.131190	-0.507205	0.018278	-0.168909	-0.681236	-0.438089	0.039469	0.205768	-0.225565	-0.435730	-0.303852	0.237026	-0.441552	0.494803	0.730304	0.117057	-0.143431	-0.154052	-0.057112	-0.069591	0.215437	-0.639839	-0.221852	0.602899	-0.692692	0.249387	-0.399723	0.106947	0.158071	0.247346	-0.496370	0.328444	0.197662	-0.077174	0.591531	0.363939	0.025135	-0.661851	0.057278	-0.003719	-0.174641	-0.095979	0.462543	0.437997	0.499955	0.459141	0.496629	0.492974	0.510192	0.117767	0.539613	0.188128	0.102709	-0.518087	-0.618845	-0.559725	-0.580905	0.087864	-0.040997	0.036189	0.096541	-0.599944	-0.464416	0.226733	0.195338	-0.131821	0.289586	-0.539198	-0.488278	0.206510	0.230021	0.166335	-0.460904	0.546712	-0.549181	-0.192301	-0.651130	0.045327	0.137478	-0.587696	-0.052993	-0.010527	0.002057	-0.173510	0.212040	0.451189	0.371331	-0.144401	-0.046168	-0.509445	0.198609	0.212401	-0.044868	-0.630473	0.451083	-0.250658	0.426277	0.574622	0.464469
Female_FB_FB_M5	0.806597	-0.414272	0.861113	-0.585711	1.000000	-0.504104	0.744312	0.599544	0.215992	0.557017	0.384434	0.450912	-0.561347	0.809452	-0.528119	-0.476059	0.582997	-0.789308	-0.083315	0.127065	0.288401	0.293659	0.288347	0.831464	-0.093202	0.141885	-0.005734	0.330028	0.009273	-0.078392	-0.172463	0.064651	-0.554872	0.502623	0.642333	-0.408397	0.014133	-0.364325	-0.376944	0.008590	0.211123	0.265952	0.310553	0.607966	0.176893	0.009160	-0.177490	0.214956	0.594449	0.169203	-0.316520	0.415439	-0.416606	-0.383393	-0.154224	0.132498	-0.069465	0.110606	0.208067	-0.066866	0.887749	-0.064370	-0.135902	0.518895	-0.307448	0.545796	-0.184269	-0.194398	0.215995	0.381092	-0.163241	-0.125472	0.159033	-0.153173	-0.215712	0.066892	0.764280	-0.314592	-0.037957	0.156465	-0.087850	-0.028322	-0.116317	-0.180460	-0.133262	-0.361506	-0.092044	-0.088837	0.031108	-0.150594	0.092195	-0.108041	0.643489	0.693737	0.705719	0.850810	-0.173389	-0.076794	0.109847	-0.103080	0.388228	0.705919	-0.179479	-0.411647	0.306300	-0.319040	0.674250	0.272835	-0.106611	-0.272546	-0.239044	0.564995	-0.124461	0.850854	0.489580	0.425271	-0.202565	0.076443	0.683868	-0.234449	-0.163518	0.016493	0.097141	0.142613	-0.292871	-0.039080	0.066846	-0.051957	0.530870	-0.123493	-0.107782	-0.314113	0.663467	-0.160668	0.010662	-0.254786	-0.163185	-0.231781
Female_FB_FB_M6	-0.195675	0.593541	-0.645776	0.039947	-0.504104	1.000000	-0.235640	-0.138615	0.353812	-0.104465	0.036757	-0.148187	0.341240	-0.440474	0.716816	-0.011272	-0.153050	0.636254	0.668044	-0.312727	0.384375	0.276005	0.321954	-0.358042	-0.114596	-0.185376	0.268041	0.136991	0.099497	0.090262	-0.001432	0.089408	0.043333	0.162861	-0.493386	0.601371	0.392016	-0.254349	0.035659	0.442447	0.577819	0.061046	0.199901	0.165831	0.548217	-0.193306	-0.242215	0.393977	-0.449546	0.459324	-0.025481	0.207042	-0.138899	-0.203045	0.226790	0.291269	0.230840	-0.104140	0.037660	0.026426	-0.647002	0.037895	-0.223124	-0.312156	-0.152041	-0.306919	0.063325	0.087773	-0.245705	-0.421450	0.144496	0.145817	-0.045613	-0.175164	-0.063719	-0.154877	-0.565459	0.320830	0.135186	-0.068343	0.332707	-0.172810	-0.187483	-0.292957	-0.212093	0.042023	-0.285065	-0.133309	-0.036501	-0.126191	0.033341	0.045078	-0.359325	-0.599394	-0.675627	-0.579939	0.057480	0.262580	-0.021978	-0.023801	-0.251836	-0.541024	-0.197173	-0.019322	-0.391395	-0.048717	-0.632971	-0.298195	-0.198428	0.250409	-0.016516	-0.317820	-0.260002	-0.458861	-0.227910	-0.308841	0.011696	-0.093804	-0.669414	0.569081	0.475772	0.181200	0.235981	-0.231687	-0.108074	-0.141315	-0.251311	-0.241274	-0.325066	0.085198	0.209588	0.234729	-0.564773	-0.145844	0.122635	-0.107139	-0.159534	-0.102317
Female_FB_FB_M7	0.879622	-0.297349	0.654334	-0.818907	0.744312	-0.235640	1.000000	0.632733	0.213831	0.489905	0.270233	0.715962	-0.714901	0.874653	-0.571184	-0.826681	0.845115	-0.795742	0.122019	0.022189	0.572050	0.557544	0.555717	0.727948	0.104351	0.117128	0.060554	0.423974	0.090574	0.006493	-0.210156	0.299110	-0.767583	0.807618	0.589253	-0.434892	0.126599	-0.338099	-0.168037	0.023572	0.286687	-0.057401	0.363352	0.598527	0.405454	0.202541	0.000824	0.082201	0.647217	0.141151	-0.116279	0.302244	-0.313342	-0.480686	-0.069527	0.080475	0.085490	0.120370	0.225544	-0.051641	0.713478	0.081072	-0.524301	0.657815	-0.114844	0.599749	0.024135	-0.087654	-0.094907	0.542005	-0.125148	-0.111159	0.192309	-0.436427	-0.273101	0.006093	0.729312	-0.313509	0.035481	0.302861	0.111718	-0.397905	-0.306967	-0.521193	-0.524661	-0.559081	-0.351696	-0.360561	0.105286	-0.419844	-0.043938	-0.063168	0.668815	0.588281	0.481192	0.664193	-0.044740	0.021124	-0.151937	-0.069350	0.527403	0.625369	-0.062745	-0.161175	0.330926	-0.179414	0.584658	0.502981	-0.157546	-0.198157	-0.066333	0.551532	-0.453435	0.649956	0.481332	0.587728	-0.020997	0.001017	0.671379	-0.029574	0.066919	0.145347	0.192385	-0.034925	-0.275919	-0.108007	0.356662	0.034907	0.616650	-0.139244	-0.078373	-0.108364	0.691372	-0.365060	0.075106	-0.509749	-0.362885	-0.257779
Female_HFC_HFC_M1	0.751644	-0.381075	0.572339	-0.675990	0.599544	-0.138615	0.632733	1.000000	0.687707	0.879362	0.490927	0.496855	-0.097160	0.560435	-0.238533	-0.450069	0.534841	-0.359997	-0.151138	0.238036	0.410021	0.465014	0.460478	0.586409	-0.195217	0.053899	-0.088613	0.203776	-0.053481	-0.025925	-0.260757	0.347292	-0.488889	0.521837	0.601786	0.067002	0.102503	-0.606117	-0.207531	0.032421	0.409103	0.105263	0.054537	0.712472	0.209971	-0.021472	-0.135846	0.237487	0.348392	0.322825	-0.107469	0.419145	-0.301200	-0.528519	-0.139466	0.077827	0.078112	0.087584	0.469452	-0.228442	0.550336	0.189528	-0.300987	0.443068	-0.542181	0.269404	-0.285243	-0.465262	-0.138905	0.327037	-0.251538	0.019090	0.217812	-0.320627	-0.285137	-0.071203	0.514861	0.076845	-0.113012	-0.047720	-0.070366	-0.184498	-0.292085	-0.222835	-0.111133	-0.281792	-0.188167	-0.265251	-0.103612	-0.220982	-0.086012	-0.134393	0.354665	0.541919	0.427634	0.433275	0.061342	-0.019215	-0.269038	-0.246370	0.268032	0.475417	-0.431201	-0.444862	0.003193	-0.414598	0.406850	0.357434	-0.261813	0.002349	-0.383723	0.440461	-0.298909	0.420639	0.159362	0.385702	-0.450370	-0.193677	0.360988	0.049636	-0.121151	-0.106904	0.166306	-0.049257	-0.392293	-0.316149	0.222091	0.019570	0.331745	-0.036436	0.021872	-0.141930	0.429439	-0.256638	0.259304	-0.200317	-0.334395	-0.395657
Female_HFC_HFC_M2	0.360915	0.178310	0.064877	-0.230827	0.215992	0.353812	0.213831	0.687707	1.000000	0.702835	0.596807	0.135490	0.263651	0.112969	0.257766	-0.224611	0.247615	0.087290	0.396760	-0.051538	0.508997	0.406030	0.610071	0.333752	-0.050439	0.054387	0.160409	0.156284	0.094366	0.008213	-0.122065	0.353531	-0.174556	0.383139	0.144236	0.453949	0.074161	-0.480078	-0.198036	0.441526	0.591721	0.257980	0.354937	0.636005	0.520401	-0.022094	-0.330436	0.518273	-0.015604	0.546491	-0.064647	0.468575	-0.237234	-0.351873	-0.031758	0.185039	0.012165	0.038925	0.424355	-0.041185	0.116968	0.080528	-0.233202	0.029659	-0.585942	-0.023457	-0.177637	-0.366270	-0.224651	-0.049291	-0.022900	0.159705	0.202157	-0.287231	-0.217127	-0.171097	0.022207	0.195086	-0.071487	-0.143813	0.126719	-0.186695	-0.181085	-0.289486	-0.154479	-0.185215	-0.154567	-0.220625	-0.136597	-0.242668	0.126566	-0.085628	0.018287	-0.049167	-0.283989	-0.202051	0.068891	0.085442	-0.124104	-0.365283	-0.270666	0.071357	-0.439115	-0.518329	-0.021499	-0.348951	-0.051578	0.048860	-0.392497	0.333582	-0.363473	0.235757	-0.235228	0.109651	-0.030337	0.060710	-0.328103	-0.128651	-0.190574	0.323596	0.169742	0.020055	0.112189	-0.165855	-0.259431	-0.071442	0.078982	-0.143864	-0.021949	0.111282	0.101928	-0.067383	-0.052347	-0.161617	0.105565	-0.238755	-0.172049	-0.291822
Female_HFC_HFC_M3	0.650109	-0.255465	0.463713	-0.529102	0.557017	-0.104465	0.489905	0.879362	0.702835	1.000000	0.716507	0.246584	-0.021223	0.426102	-0.144445	-0.321532	0.361830	-0.272248	-0.051499	0.234475	0.355533	0.396760	0.375453	0.507745	-0.074308	0.081062	0.039912	0.203297	0.102405	0.067260	-0.115994	0.211769	-0.383025	0.425814	0.622691	0.135724	0.153770	-0.602123	-0.344754	0.100776	0.436062	0.287963	0.197768	0.698406	0.265347	-0.127996	-0.302093	0.325333	0.221317	0.396629	-0.253792	0.531129	-0.231595	-0.480851	-0.052483	0.136330	-0.005381	-0.141613	0.444243	-0.138411	0.489355	-0.046910	-0.192286	0.321124	-0.564806	0.191246	-0.293386	-0.394581	-0.073621	0.210359	-0.217232	-0.097808	0.241393	-0.254281	-0.259226	-0.064199	0.418382	-0.052591	-0.083061	-0.059042	-0.057729	-0.126039	-0.135425	-0.196414	-0.095825	-0.260846	-0.153351	-0.218421	-0.172944	-0.134915	-0.120268	-0.192583	0.286590	0.410217	0.435604	0.306176	-0.027685	0.058635	-0.135783	-0.406097	0.103326	0.456663	-0.393519	-0.542103	-0.047083	-0.423403	0.373638	0.252720	-0.360050	-0.108058	-0.394191	0.501594	-0.233169	0.419164	0.144997	0.315625	-0.572200	-0.204271	0.377669	0.103802	-0.134924	-0.081256	0.126141	-0.175382	-0.392979	-0.194762	0.181207	-0.187940	0.272934	-0.151884	-0.016898	-0.374491	0.342671	-0.222546	0.137428	-0.116545	-0.295701	-0.334620
Female_HFC_HFC_M4	0.451100	-0.009852	0.254905	-0.288739	0.384434	0.036757	0.270233	0.490927	0.596807	0.716507	1.000000	0.209382	0.143178	0.189628	-0.064985	-0.278408	0.319900	-0.142125	0.206516	0.065962	0.428785	0.417416	0.390363	0.349776	0.010048	0.063701	0.096843	0.215652	0.026717	-0.083554	-0.056635	0.162951	-0.265093	0.226002	0.541033	0.261409	0.099619	-0.423040	-0.286067	0.216925	0.373803	0.254635	0.206863	0.570087	0.299164	0.051583	-0.309927	0.270354	-0.006959	0.394950	-0.081270	0.454217	-0.265967	-0.348923	-0.041645	0.212168	-0.174346	-0.267987	0.130506	-0.203741	0.279786	0.043908	-0.118574	0.156968	-0.364797	-0.077970	-0.455616	-0.397434	-0.191731	0.189256	-0.350678	-0.193803	0.182047	-0.249962	-0.044251	0.033345	0.175856	-0.068832	0.049212	-0.144203	-0.212942	-0.193029	0.008639	-0.210952	0.024980	-0.248282	-0.164707	-0.033295	-0.313762	-0.163981	-0.037418	0.087377	0.025038	0.120920	-0.171319	0.078491	-0.168522	-0.040081	0.142592	-0.024819	-0.138621	0.241593	-0.199333	-0.426546	-0.092733	-0.520948	0.206139	0.174958	-0.036311	0.170820	-0.468587	0.320128	-0.191914	0.263189	-0.032429	0.186189	-0.338895	-0.135837	0.234345	0.036624	-0.163932	-0.244026	-0.120324	-0.142866	-0.078856	-0.158618	0.175625	-0.033031	-0.028161	-0.197169	-0.127402	-0.154788	0.153351	-0.260668	0.026611	-0.144713	-0.353121	-0.384166
Female_KC_Channel_KC_Channel_M1	0.696851	-0.369811	0.476579	-0.690486	0.450912	-0.148187	0.715962	0.496855	0.135490	0.246584	0.209382	1.000000	-0.359932	0.666983	-0.479025	-0.624300	0.800495	-0.520975	0.024459	0.019214	0.501057	0.553370	0.440286	0.467143	0.030812	0.028037	-0.232310	0.384246	-0.223548	-0.219415	-0.301246	0.410416	-0.592812	0.559863	0.471071	-0.234668	-0.031508	-0.314553	0.050258	-0.054610	0.182799	-0.282029	-0.036447	0.466451	0.192952	0.529554	0.220719	-0.064363	0.475452	0.097187	0.226642	0.073597	-0.258302	-0.406321	-0.314675	-0.062826	0.095385	0.317251	0.062270	-0.318520	0.480534	0.633540	-0.449441	0.667529	-0.095645	0.308609	-0.227628	-0.383912	-0.279174	0.593018	-0.390720	-0.101455	0.003684	-0.365835	-0.317047	-0.193177	0.618783	0.028475	-0.141839	-0.019995	-0.093075	-0.378461	-0.298153	-0.364024	-0.292457	-0.390155	-0.264421	-0.301686	-0.027759	-0.357942	-0.095937	0.360658	0.369600	0.509124	0.415516	0.443022	0.071971	-0.116673	-0.073341	0.379152	0.522205	0.609838	-0.070442	-0.105839	0.308851	-0.342822	0.448447	0.522602	0.396521	-0.018738	-0.299836	0.391560	-0.429639	0.356629	0.116424	0.606263	-0.115554	0.082413	0.397251	-0.123809	-0.081692	-0.204216	-0.086750	0.173020	-0.249156	-0.307759	0.296404	0.582790	0.338467	-0.118502	-0.160073	0.431864	0.642272	-0.260810	0.245377	-0.406099	-0.528668	-0.389436
Female_KC_Channel_KC_Channel_M2	-0.557938	0.265860	-0.452686	0.545308	-0.561347	0.341240	-0.714901	-0.097160	0.263651	-0.021223	0.143178	-0.359932	1.000000	-0.642599	0.560799	0.738866	-0.617648	0.745787	-0.093582	0.177807	-0.264828	-0.198221	-0.227553	-0.551568	-0.207869	0.073476	-0.061766	-0.339870	-0.036248	-0.009585	0.128862	-0.065234	0.621448	-0.571752	-0.201899	0.650367	-0.053586	0.030433	0.170878	0.110765	0.000218	0.132398	-0.278082	-0.377000	-0.243352	-0.279831	-0.127165	0.185350	-0.545265	0.158040	0.118456	-0.114390	0.188058	0.268049	0.057417	0.072182	-0.076948	0.125939	0.136775	-0.090213	-0.405918	0.059178	0.250437	-0.422491	-0.052295	-0.488511	-0.252246	-0.275601	0.047437	-0.358105	-0.072389	0.192026	-0.075602	0.263441	0.271690	0.013797	-0.566942	0.459794	0.015524	-0.401136	-0.055697	0.220759	-0.031274	0.501417	0.464969	0.531327	0.263515	0.179167	-0.208952	0.254690	0.019011	0.010821	-0.503431	-0.347607	-0.391107	-0.495493	0.019753	-0.110805	0.183397	0.073192	-0.370850	-0.499206	-0.070637	-0.009244	-0.434588	-0.216349	-0.398945	-0.325558	-0.003914	0.248995	-0.328180	-0.145584	0.278873	-0.425892	-0.276600	-0.389744	0.017752	-0.087562	-0.587777	0.165141	-0.107286	-0.279136	-0.125458	-0.116519	0.210134	-0.032584	-0.355504	0.002152	-0.395776	0.164427	0.171803	0.080368	-0.643454	0.246919	-0.031241	0.568505	0.093696	0.116140
Female_KC_KC_M1	0.838364	-0.458696	0.764822	-0.723998	0.809452	-0.440474	0.874653	0.560435	0.112969	0.426102	0.189628	0.666983	-0.642599	1.000000	-0.690264	-0.674562	0.789144	-0.868140	-0.113026	0.161075	0.342063	0.379132	0.356831	0.764959	0.098258	0.096661	-0.114546	0.336714	0.016312	-0.076590	-0.102586	0.191206	-0.661190	0.650386	0.585250	-0.510209	0.006376	-0.237569	-0.110806	-0.142033	0.095405	-0.069380	0.151586	0.486768	0.165270	0.254230	0.128283	-0.028869	0.879480	-0.036309	-0.070476	0.179102	-0.239077	-0.347248	-0.149457	-0.045477	0.089496	0.210219	0.194070	-0.031984	0.788630	0.082316	-0.388420	0.617059	-0.088096	0.629319	0.040071	-0.104229	0.047816	0.520242	-0.139076	-0.082190	0.183368	-0.286251	-0.282514	-0.000307	0.873883	-0.352249	-0.054434	0.318841	0.064569	-0.285527	-0.244691	-0.311689	-0.375145	-0.475152	-0.195725	-0.231644	0.110971	-0.293301	-0.018287	-0.058716	0.698017	0.672472	0.554796	0.702696	0.005712	-0.075330	0.001165	-0.052480	0.468837	0.702720	-0.017451	-0.176382	0.369217	-0.129129	0.658835	0.443067	-0.043710	-0.152147	-0.059599	0.594767	-0.309966	0.718139	0.404391	0.520174	-0.061608	0.084741	0.663413	-0.125484	-0.059374	0.047156	0.109958	0.182095	-0.294653	-0.083995	0.325495	0.099976	0.687634	-0.083304	-0.116196	-0.163076	0.784604	-0.237832	-0.060043	-0.405270	-0.279600	-0.152963
Female_KC_KC_M2	-0.461308	0.576192	-0.634032	0.398907	-0.528119	0.716816	-0.571184	-0.238533	0.257766	-0.144445	-0.064985	-0.479025	0.560799	-0.690264	1.000000	0.468934	-0.603393	0.801962	0.433439	-0.246985	-0.036946	-0.155877	-0.042335	-0.445760	-0.158034	-0.070714	0.182611	-0.153547	0.092865	0.099715	0.027731	-0.070999	0.327702	-0.223139	-0.562143	0.634625	0.257187	-0.194474	-0.172437	0.471676	0.403074	0.314670	0.204755	0.013543	0.323644	-0.471786	-0.394774	0.551325	-0.628845	0.430589	-0.259716	0.246004	-0.040490	-0.060857	0.186487	0.323228	0.088742	-0.096455	-0.015149	0.093329	-0.633324	-0.109822	0.146281	-0.434616	-0.232305	-0.457787	0.008990	0.063181	0.010647	-0.575805	0.180039	0.168018	-0.051145	0.160596	0.015352	-0.151068	-0.677661	0.477224	-0.017038	-0.138877	0.214131	0.157388	0.036194	0.082505	0.104824	0.308777	0.078768	0.088818	-0.116373	0.198130	0.172026	-0.116137	-0.496033	-0.609125	-0.540941	-0.566885	0.030313	0.170155	0.024403	-0.123778	-0.279536	-0.637651	-0.243055	-0.128521	-0.544434	-0.000760	-0.639261	-0.467634	-0.186389	0.090507	-0.059109	-0.334887	0.183972	-0.501074	-0.244893	-0.365443	-0.138678	-0.137340	-0.605962	0.341034	0.328615	0.106816	0.038966	-0.221341	-0.037721	0.072560	-0.388658	-0.345861	-0.484046	0.149454	0.152259	0.023117	-0.690196	0.121403	0.066661	0.190980	0.135323	-0.019690
Female_KC_KC_M3	-0.699777	0.204518	-0.392712	0.743116	-0.476059	-0.011272	-0.826681	-0.450069	-0.224611	-0.321532	-0.278408	-0.624300	0.738866	-0.674562	0.468934	1.000000	-0.899756	0.613607	-0.408346	0.253618	-0.712393	-0.666342	-0.621971	-0.538212	-0.170064	0.201161	-0.076565	-0.514093	-0.024810	0.053242	0.187709	-0.317598	0.775168	-0.785944	-0.355094	0.275486	-0.131206	0.148687	0.014881	0.048921	-0.209916	0.251667	-0.244932	-0.464489	-0.447098	-0.392563	-0.143586	0.095640	-0.475574	-0.070150	-0.078264	-0.095100	0.238468	0.394129	0.068387	0.062993	-0.189564	0.067372	-0.026039	0.076567	-0.463894	-0.175717	0.558734	-0.473277	-0.034757	-0.445751	-0.114071	-0.034691	0.259778	-0.387013	0.084411	0.197843	-0.049484	0.527996	0.300830	0.049970	-0.452754	0.309855	-0.053940	-0.290348	-0.134183	0.478694	0.226647	0.661884	0.630117	0.663282	0.525823	0.382097	-0.144231	0.499581	0.123751	-0.170413	-0.465687	-0.403831	-0.411596	-0.457902	-0.002165	-0.068878	0.286225	-0.055060	-0.384496	-0.372536	-0.017053	-0.051716	-0.167995	0.015707	-0.313678	-0.384454	-0.019338	0.156974	-0.091612	-0.351567	0.557382	-0.435026	-0.245710	-0.423537	-0.085037	-0.045257	-0.455916	-0.018573	-0.181603	-0.189701	-0.144974	0.041482	0.214645	0.191192	-0.181355	-0.073577	-0.438459	0.201758	0.140813	-0.170188	-0.462770	0.455209	-0.140035	0.688039	0.385958	0.222691
Female_KC_KC_M4	0.746288	-0.360333	0.554488	-0.700307	0.582997	-0.153050	0.845115	0.534841	0.247615	0.361830	0.319900	0.800495	-0.617648	0.789144	-0.603393	-0.899756	1.000000	-0.679316	0.237943	-0.072367	0.681542	0.695719	0.615067	0.609082	0.129134	-0.077108	-0.012037	0.456745	-0.036472	-0.102408	-0.248357	0.423637	-0.679387	0.696470	0.485900	-0.279181	-0.019616	-0.082641	0.106558	-0.173182	0.083677	-0.294191	0.104282	0.394695	0.257875	0.571865	0.283962	-0.164737	0.590376	-0.004221	0.217178	0.001900	-0.201831	-0.290797	-0.184451	-0.149498	0.155712	0.074167	0.055078	-0.222332	0.610669	0.345687	-0.534526	0.548184	0.025023	0.453891	-0.046711	-0.230473	-0.215087	0.506426	-0.221482	-0.174663	0.094500	-0.465856	-0.322644	-0.131961	0.570242	-0.216755	-0.068639	0.154108	0.011242	-0.460560	-0.254686	-0.542496	-0.505232	-0.621154	-0.423229	-0.326038	0.123609	-0.456537	-0.102322	0.296077	0.483989	0.584125	0.510920	0.549576	0.038453	-0.099261	-0.162945	0.185304	0.419632	0.537492	0.049404	-0.026027	0.323282	-0.182227	0.428145	0.459164	0.200238	-0.114684	-0.107525	0.398605	-0.531106	0.493167	0.291494	0.479829	0.064501	0.154180	0.556080	-0.109426	-0.014253	-0.004482	0.018403	0.132110	-0.201644	-0.268072	0.222297	0.297701	0.456019	-0.182286	-0.155366	0.225836	0.589822	-0.411681	0.140947	-0.606976	-0.425665	-0.205987
Female_KC_KC_M5	-0.712930	0.447572	-0.755747	0.613653	-0.789308	0.636254	-0.795742	-0.359997	0.087290	-0.272248	-0.142125	-0.520975	0.745787	-0.868140	0.801962	0.613607	-0.679316	1.000000	0.188923	-0.198198	-0.169851	-0.182689	-0.200377	-0.714242	-0.092339	-0.163171	0.114827	-0.260471	0.032518	0.138726	0.107810	-0.085253	0.604932	-0.509662	-0.571710	0.687998	0.144779	0.122669	0.138494	0.170689	0.072570	0.095388	-0.148035	-0.351339	-0.005913	-0.263814	-0.104776	0.153467	-0.728161	0.190458	0.083998	-0.105694	0.238341	0.249863	0.190844	0.115914	0.095263	-0.107139	-0.085514	0.005785	-0.765539	-0.005126	0.263427	-0.564939	-0.011446	-0.658739	-0.067808	0.008044	-0.063323	-0.550193	0.098623	0.146512	-0.047883	0.301092	0.135291	-0.155468	-0.817091	0.410051	-0.020508	-0.298817	0.007317	0.226120	0.119102	0.237418	0.269697	0.429856	0.185929	0.224116	-0.167853	0.328293	0.082785	0.075314	-0.718840	-0.635228	-0.551359	-0.723783	0.153796	0.126846	0.007763	0.018310	-0.406715	-0.699068	-0.091929	0.130009	-0.429442	0.052772	-0.689862	-0.450113	-0.102947	0.207286	-0.022838	-0.460907	0.250300	-0.712235	-0.420930	-0.485374	-0.024375	-0.154333	-0.674105	0.255464	0.125771	-0.062318	-0.054148	-0.230791	0.121927	-0.013078	-0.361147	-0.150524	-0.620570	0.118230	0.174504	0.199461	-0.781902	0.232461	0.049143	0.356723	0.130998	0.106827
Female_KC_KC_M6	0.099856	0.601417	-0.312526	-0.098908	-0.083315	0.668044	0.122019	-0.151138	0.396760	-0.051499	0.206516	0.024459	-0.093582	-0.113026	0.433439	-0.408346	0.237943	0.188923	1.000000	-0.456731	0.619591	0.381275	0.574624	0.036575	0.066762	-0.030538	0.509455	0.384262	0.283123	0.158512	-0.075995	0.156556	-0.250616	0.410294	-0.289669	0.465217	0.291361	-0.194095	-0.142677	0.506393	0.487669	0.145605	0.540316	0.367414	0.660757	0.067067	-0.213988	0.399462	-0.226097	0.466134	-0.109883	0.264291	-0.270831	-0.270888	0.203634	0.318471	0.096647	-0.268173	0.041076	0.061518	-0.498630	-0.022922	-0.290065	-0.104757	-0.103419	-0.107836	0.100566	0.133626	-0.285060	-0.215626	0.122777	-0.057943	-0.124177	-0.303294	-0.090563	-0.102251	-0.312020	-0.020780	0.112430	0.052076	0.343865	-0.294363	-0.085234	-0.473695	-0.394762	-0.186305	-0.367486	-0.164445	0.017476	-0.281068	0.093648	0.198523	-0.141888	-0.545950	-0.542821	-0.458396	-0.010855	0.157937	0.083973	0.013752	-0.181334	-0.306318	-0.076130	-0.112362	-0.256351	-0.056388	-0.361310	-0.140711	-0.122327	0.027710	-0.021955	-0.166472	-0.232405	-0.133901	-0.135992	-0.111965	0.022356	-0.019432	-0.472180	0.332804	0.486646	0.267981	0.047173	-0.213443	0.008814	-0.003688	-0.185815	-0.270652	-0.155634	-0.060996	-0.023495	0.145635	-0.318961	-0.289815	0.138772	-0.435288	-0.161452	-0.186721
Female_LC_LC_M1	0.059908	-0.165804	0.200900	-0.020123	0.127065	-0.312727	0.022189	0.238036	-0.051538	0.234475	0.065962	0.019214	0.177807	0.161075	-0.246985	0.253618	-0.072367	-0.198198	-0.456731	1.000000	-0.214456	-0.095287	-0.112422	0.093645	-0.220626	0.294785	-0.160217	-0.230652	-0.022082	-0.147810	-0.031856	-0.198696	0.036600	0.000356	0.272087	-0.320664	-0.307317	-0.037365	0.070082	-0.134037	-0.126450	-0.040114	-0.145792	-0.082103	-0.308217	-0.016664	0.064764	-0.076547	0.165570	-0.138845	0.007941	-0.035695	-0.042501	-0.045270	-0.245572	-0.161966	-0.212377	0.127544	0.055838	-0.188531	0.492136	0.108838	-0.042092	0.058481	-0.016386	0.246104	-0.206426	-0.209708	-0.075331	0.121525	-0.152626	-0.015161	-0.039716	-0.041971	0.067355	0.109314	0.242210	0.174586	0.047553	-0.090836	-0.072882	-0.028970	-0.184706	0.308687	0.204557	0.199264	0.014691	-0.023238	0.167897	-0.064252	-0.296135	-0.142384	0.246314	0.466590	0.254917	0.514460	0.062204	-0.217977	0.021266	-0.258741	-0.043730	0.325269	0.087649	-0.187570	0.181558	-0.312582	0.199981	0.134715	-0.060777	0.127884	-0.244024	0.147688	-0.176918	0.207218	0.386611	0.021553	0.110170	-0.191892	0.373049	-0.159498	-0.261068	-0.092523	0.014718	0.284263	-0.036542	-0.048230	0.159755	0.211731	0.206690	-0.028444	-0.016459	-0.090606	0.169106	-0.184308	-0.176938	0.252360	-0.093492	-0.055289
Female_LC_LC_M2	0.548660	0.098447	0.142328	-0.574296	0.288401	0.384375	0.572050	0.410021	0.508997	0.355533	0.428785	0.501057	-0.264828	0.342063	-0.036946	-0.712393	0.681542	-0.169851	0.619591	-0.214456	1.000000	0.901045	0.872970	0.289416	0.008863	-0.106983	0.285966	0.487354	0.182522	0.025145	-0.251999	0.414408	-0.591943	0.635821	0.248771	0.179139	0.155446	-0.328324	-0.051773	0.252698	0.492678	-0.040755	0.337009	0.514104	0.548657	0.237021	-0.070319	0.234062	0.079716	0.401552	0.007364	0.282923	-0.312828	-0.472229	-0.047458	0.141063	0.098993	-0.154034	0.112114	-0.241298	0.097342	0.278305	-0.615401	0.342401	-0.140580	0.123631	-0.198889	-0.221807	-0.444108	0.220157	-0.229104	-0.185959	0.160825	-0.534027	-0.347287	-0.197138	0.156638	0.016243	-0.012880	0.034453	0.101860	-0.558915	-0.316032	-0.702714	-0.488956	-0.549461	-0.536431	-0.350637	-0.045631	-0.486698	-0.157901	0.236991	0.153465	0.035122	-0.047694	0.017082	0.024769	0.091492	0.007738	0.082564	0.222416	0.059353	-0.116030	-0.130770	-0.013278	-0.368439	0.113293	0.244019	0.012949	-0.072650	-0.260547	0.137710	-0.587925	0.193336	-0.068109	0.313657	0.040190	-0.098913	-0.005291	0.232277	0.191146	0.034914	-0.003895	-0.148999	-0.308316	-0.342677	0.047843	0.034882	0.163341	-0.225242	-0.080073	0.268813	0.151331	-0.588284	0.265308	-0.516771	-0.499885	-0.392769
Female_LC_LC_M3	0.540448	-0.146234	0.213444	-0.609230	0.293659	0.276005	0.557544	0.465014	0.406030	0.396760	0.417416	0.553370	-0.198221	0.379132	-0.155877	-0.666342	0.695719	-0.182689	0.381275	-0.095287	0.901045	1.000000	0.710229	0.271652	-0.034365	-0.197891	0.080072	0.504324	0.098006	-0.046557	-0.169915	0.409862	-0.533316	0.544644	0.375372	0.179228	0.082966	-0.307489	-0.004403	0.023391	0.392622	-0.101520	0.152003	0.449486	0.429661	0.245191	-0.001724	0.127279	0.106572	0.371004	0.063340	0.206591	-0.251768	-0.416529	-0.183756	-0.058397	0.160790	-0.078658	0.089813	-0.341611	0.293063	0.293025	-0.579811	0.333706	-0.158579	0.165426	-0.290478	-0.337698	-0.342255	0.233590	-0.345512	-0.252012	0.122956	-0.462714	-0.286945	-0.118635	0.223027	-0.017109	0.016534	-0.035581	-0.015520	-0.496556	-0.329530	-0.592667	-0.385024	-0.577157	-0.466973	-0.348714	-0.044456	-0.400249	-0.243479	0.218987	0.207672	0.244398	0.253379	0.288783	-0.008832	-0.041896	-0.181654	0.118037	0.310512	0.147514	-0.158947	-0.098952	0.068480	-0.435916	0.172955	0.228698	-0.002530	-0.093503	-0.333490	0.131590	-0.590955	0.268455	0.018790	0.274356	0.074023	-0.059116	0.201562	0.139225	0.000918	-0.123294	0.067529	-0.166707	-0.303258	-0.428643	0.107120	0.107382	0.220242	-0.298646	-0.133355	0.270757	0.196603	-0.552543	0.265153	-0.373691	-0.550016	-0.389034
Female_LC_LC_M4	0.540806	0.209288	0.175236	-0.498522	0.288347	0.321954	0.555717	0.460478	0.610071	0.375453	0.390363	0.440286	-0.227553	0.356831	-0.042335	-0.621971	0.615067	-0.200377	0.574624	-0.112422	0.872970	0.710229	1.000000	0.364875	0.026688	0.060503	0.340513	0.373524	0.230066	0.046188	-0.253958	0.401437	-0.489091	0.617352	0.160004	0.044555	0.093412	-0.227632	0.041980	0.300839	0.405167	-0.097581	0.338452	0.440913	0.439928	0.293427	0.015226	0.193664	0.174849	0.259656	0.060976	0.211058	-0.217964	-0.371710	0.021651	0.196245	0.022319	-0.045804	0.176200	-0.093789	0.129581	0.252504	-0.596521	0.341646	-0.042778	0.131063	-0.115861	-0.175510	-0.420951	0.272655	-0.112576	-0.012068	0.220032	-0.532801	-0.318072	-0.187842	0.160200	0.051612	-0.067376	0.055116	0.101821	-0.499648	-0.418208	-0.536105	-0.462410	-0.452097	-0.477950	-0.311117	0.013327	-0.536293	-0.107685	0.159057	0.141126	0.020322	-0.094654	-0.039263	0.061960	0.163849	0.180861	-0.109091	0.078340	0.161139	-0.004160	-0.093094	0.075681	-0.259244	0.148174	0.344597	-0.180104	0.052801	-0.118201	0.216621	-0.538975	0.205727	0.046237	0.362608	0.009226	-0.150427	0.082828	0.299337	0.223812	0.111779	0.010199	-0.115534	-0.232519	-0.233829	0.093695	0.051386	0.134926	-0.042405	0.021104	0.218681	0.157483	-0.523219	0.202475	-0.502108	-0.369618	-0.290974
Female_MEL_MEL_M1	0.746958	-0.304218	0.676176	-0.529668	0.831464	-0.358042	0.727948	0.586409	0.333752	0.507745	0.349776	0.467143	-0.551568	0.764959	-0.445760	-0.538212	0.609082	-0.714242	0.036575	0.093645	0.289416	0.271652	0.364875	1.000000	-0.011779	0.132457	0.017881	0.321152	0.022072	-0.008107	-0.110065	0.159764	-0.542776	0.549061	0.470933	-0.386802	-0.009512	-0.308491	-0.324782	0.025991	0.184229	0.132709	0.387885	0.589557	0.326506	0.076741	-0.126794	0.169977	0.601564	0.170758	-0.267648	0.318844	-0.344766	-0.343002	-0.167602	0.074572	-0.033361	0.181577	0.223555	0.038023	0.761819	-0.026632	-0.225223	0.469260	-0.343632	0.540470	-0.047734	-0.085259	0.143764	0.330616	-0.018360	-0.033159	0.113648	-0.034404	-0.121118	0.075075	0.649356	-0.325804	0.066764	0.246701	0.018126	-0.137493	-0.122369	-0.242674	-0.254786	-0.462809	0.047008	0.056043	0.068003	-0.073095	0.109217	-0.051025	0.624216	0.564458	0.550879	0.777936	-0.066464	-0.029866	0.007675	-0.082220	0.368472	0.605011	-0.257706	-0.362816	0.354976	-0.198591	0.573058	0.226470	-0.162999	-0.206732	-0.132562	0.580809	-0.230993	0.722257	0.531789	0.382411	-0.250848	0.021064	0.606029	-0.146387	0.074143	0.079934	0.161215	0.046126	-0.176621	0.123482	0.156424	-0.043448	0.497137	-0.053372	-0.032576	-0.202364	0.540868	-0.170765	0.066687	-0.261018	-0.065410	-0.183523
Female_Mac-DC_Mac-DC_M1	-0.108881	0.132903	-0.093644	0.154977	-0.093202	-0.114596	0.104351	-0.195217	-0.050439	-0.074308	0.010048	0.030812	-0.207869	0.098258	-0.158034	-0.170064	0.129134	-0.092339	0.066762	-0.220626	0.008863	-0.034365	0.026688	-0.011779	1.000000	-0.012056	0.137711	0.048735	0.232437	0.169396	0.314395	0.224246	0.103571	0.054921	-0.090023	-0.104625	0.109024	0.428152	0.286821	-0.136348	-0.353221	-0.305418	0.004343	-0.281487	-0.062826	0.344785	0.391243	-0.351657	0.283088	-0.334379	0.344005	-0.321660	0.599068	0.359751	0.329417	-0.062735	0.203032	0.021577	0.201927	0.551385	-0.051837	-0.247126	-0.152061	-0.048126	0.426411	0.103346	0.537508	0.380711	-0.040376	0.016512	0.399885	0.297588	-0.099947	0.045301	0.039338	0.016941	0.082445	-0.440653	0.006373	0.393525	0.252622	-0.205929	0.096474	-0.285612	-0.354324	-0.312901	0.006671	-0.034657	0.139418	0.077469	0.127864	0.077956	0.043972	-0.169684	0.146545	-0.081944	0.136894	0.076754	-0.011894	-0.011240	-0.112346	0.015219	0.354843	0.389242	-0.126685	0.559334	0.062307	0.018547	0.171364	0.157765	0.517707	0.149546	0.069730	0.018993	-0.102542	-0.006552	0.203945	-0.006127	0.189328	0.259107	0.223588	0.331255	0.030037	0.109752	0.150241	0.482819	0.026457	-0.145517	0.179000	0.292110	0.227011	-0.172781	-0.013058	0.010597	-0.150085	-0.175161	0.297339	0.390977
Female_Mac-DC_Mac-DC_M2	0.080220	0.285828	0.082686	0.073231	0.141885	-0.185376	0.117128	0.053899	0.054387	0.081062	0.063701	0.028037	0.073476	0.096661	-0.070714	0.201161	-0.077108	-0.163171	-0.030538	0.294785	-0.106983	-0.197891	0.060503	0.132457	-0.012056	1.000000	0.290717	-0.062764	0.315861	0.178227	-0.111498	-0.027128	0.090437	-0.000915	0.121508	-0.200705	-0.099611	-0.168573	-0.198069	0.365137	0.105961	0.302836	0.322423	0.131405	0.033570	-0.113963	-0.197676	0.228584	0.095373	0.164097	-0.157524	0.254404	-0.068623	-0.043980	0.024289	0.228344	-0.219024	0.093678	0.109403	0.046497	-0.014756	-0.113388	0.150433	0.209195	-0.113978	-0.022366	-0.014328	-0.075194	-0.084668	0.283138	-0.087118	0.010573	0.419186	0.078956	0.115223	-0.028161	0.169580	-0.074524	-0.035142	-0.000792	0.153890	0.122905	0.051419	0.249676	0.179796	0.061339	0.150865	0.093994	-0.139720	0.035058	0.264031	-0.137377	0.023544	-0.112171	-0.170174	-0.076638	-0.101368	-0.039453	0.173496	-0.117952	0.013536	0.196488	0.013105	-0.287878	0.551780	-0.184250	0.237643	0.268657	-0.223692	0.165999	-0.180130	0.109420	0.175469	0.010564	0.001350	0.258941	-0.140801	-0.039148	0.203414	-0.028418	0.022373	-0.089420	-0.228094	-0.333588	0.120498	0.167414	0.595007	-0.014053	0.057819	0.004873	-0.094149	-0.257266	0.239132	0.089324	-0.111384	0.184471	-0.008680	-0.138055
Female_Mast_Mast_M1	-0.055727	0.548419	-0.268401	0.117197	-0.005734	0.268041	0.060554	-0.088613	0.160409	0.039912	0.096843	-0.232310	-0.061766	-0.114546	0.182611	-0.076565	-0.012037	0.114827	0.509455	-0.160217	0.285966	0.080072	0.340513	0.017881	0.137711	0.290717	1.000000	0.355317	0.706030	0.690534	0.060936	-0.063693	0.022879	0.170666	-0.079996	0.183557	0.267934	-0.044345	-0.070355	0.393591	0.203540	0.231085	0.533608	0.109974	0.277385	0.008732	-0.139738	0.221115	-0.151995	0.250631	-0.121686	0.209130	-0.010459	-0.009062	0.376837	0.367902	-0.043400	-0.289420	0.066468	0.279934	-0.269961	-0.314478	-0.025037	-0.065262	0.064514	0.002054	0.120241	0.260592	-0.072651	-0.167214	0.287976	0.125741	0.023422	-0.120560	0.045864	-0.011955	-0.194564	-0.217627	0.145189	0.206597	0.219827	-0.094759	0.144303	-0.184060	-0.215037	0.093014	-0.162488	0.003495	0.059509	-0.124255	0.124295	-0.054193	-0.025415	-0.322770	-0.229316	-0.299757	-0.095637	0.182382	0.202519	-0.298551	-0.129796	-0.138550	0.174220	-0.147600	-0.205598	0.007121	-0.134898	-0.096976	-0.298339	0.283051	0.079684	-0.088807	0.039330	-0.012433	0.037696	-0.044162	0.172437	-0.013562	-0.084515	0.309124	0.351261	0.335543	0.080230	-0.048997	0.135086	0.258243	-0.030160	-0.378111	-0.071544	0.151238	0.096960	-0.200937	-0.293593	-0.176499	0.132961	-0.275614	0.135108	0.061542
Female_Mast_Mast_M2	0.340918	0.077395	0.083679	-0.437537	0.330028	0.136991	0.423974	0.203776	0.156284	0.203297	0.215652	0.384246	-0.339870	0.336714	-0.153547	-0.514093	0.456745	-0.260471	0.384262	-0.230652	0.487354	0.504324	0.373524	0.321152	0.048735	-0.062764	0.355317	1.000000	0.177163	0.154601	-0.017171	-0.044996	-0.439751	0.454849	0.318587	0.058421	0.239697	-0.300611	-0.237564	0.205271	0.321752	0.129527	0.298517	0.399368	0.398911	0.074402	-0.143745	0.178520	0.128440	0.356492	-0.144148	0.276375	-0.272077	-0.307579	0.010628	0.131805	0.191758	-0.154670	0.004411	0.050164	0.227544	-0.038716	-0.320075	0.285619	-0.060553	0.247616	0.024888	0.079926	-0.103862	0.107476	-0.078405	-0.161495	-0.129913	-0.345431	-0.042351	0.118563	0.179476	-0.320618	0.169122	0.269941	0.208866	-0.258196	-0.123073	-0.380770	-0.329161	-0.380555	-0.312392	-0.225237	-0.050373	-0.327475	-0.029800	0.145206	0.308863	0.227798	0.188599	0.231738	-0.106967	0.122339	0.215461	-0.022004	0.255895	0.286486	-0.012820	-0.119908	-0.132353	-0.142876	0.160426	0.090240	-0.238580	-0.044087	-0.080097	0.103172	-0.211252	0.342614	0.072698	0.230220	-0.079738	0.282163	0.108151	0.200397	0.214923	0.030049	0.146185	-0.043927	-0.056189	-0.049891	0.095948	-0.188447	0.204670	-0.104983	-0.164566	-0.016198	0.199117	-0.283164	0.356064	-0.311017	-0.343563	-0.231968
